MATRICES [
    [
        [
            (
                1,
                83,
            ),
        ],
        [
            (
                21888242871839275222246405745257275088548364400416034343698204186575808495616,
                0,
            ),
            (
                21888242871839275222246405745257275088548364400416034343698204186575808495616,
                81,
            ),
            (
                1,
                89,
            ),
        ],
        [
            (
                1,
                83,
            ),
        ],
        [
            (
                1,
                84,
            ),
        ],
        [
            (
                1,
                79,
            ),
        ],
        [
            (
                1,
                0,
            ),
            (
                21888242871839275222246405745257275088548364400416034343698204186575808495616,
                93,
            ),
        ],
        [
            (
                21888242871839275222246405745257275088548364400416034343698204186575808495616,
                0,
            ),
            (
                21888242871839275222246405745257275088548364400416034343698204186575808495616,
                89,
            ),
            (
                1,
                94,
            ),
        ],
        [
            (
                1,
                93,
            ),
        ],
        [
            (
                1,
                93,
            ),
        ],
        [
            (
                1,
                0,
            ),
            (
                21888242871839275222246405745257275088548364400416034343698204186575808495616,
                100,
            ),
        ],
        [
            (
                1,
                0,
            ),
            (
                21888242871839275222246405745257275088548364400416034343698204186575808495616,
                101,
            ),
        ],
        [
            (
                1,
                0,
            ),
            (
                21888242871839275222246405745257275088548364400416034343698204186575808495616,
                102,
            ),
        ],
        [
            (
                1,
                0,
            ),
            (
                21888242871839275222246405745257275088548364400416034343698204186575808495616,
                103,
            ),
        ],
        [
            (
                1,
                0,
            ),
            (
                21888242871839275222246405745257275088548364400416034343698204186575808495616,
                104,
            ),
        ],
        [
            (
                1,
                0,
            ),
            (
                21888242871839275222246405745257275088548364400416034343698204186575808495616,
                105,
            ),
        ],
        [
            (
                1,
                0,
            ),
            (
                21888242871839275222246405745257275088548364400416034343698204186575808495616,
                106,
            ),
        ],
        [
            (
                1,
                0,
            ),
            (
                21888242871839275222246405745257275088548364400416034343698204186575808495616,
                107,
            ),
        ],
        [
            (
                1,
                0,
            ),
            (
                21888242871839275222246405745257275088548364400416034343698204186575808495616,
                108,
            ),
        ],
        [
            (
                1,
                0,
            ),
            (
                21888242871839275222246405745257275088548364400416034343698204186575808495616,
                109,
            ),
        ],
        [
            (
                1,
                0,
            ),
            (
                21888242871839275222246405745257275088548364400416034343698204186575808495616,
                110,
            ),
        ],
        [
            (
                1,
                0,
            ),
            (
                21888242871839275222246405745257275088548364400416034343698204186575808495616,
                111,
            ),
        ],
        [
            (
                1,
                0,
            ),
            (
                21888242871839275222246405745257275088548364400416034343698204186575808495616,
                112,
            ),
        ],
        [
            (
                1,
                0,
            ),
            (
                21888242871839275222246405745257275088548364400416034343698204186575808495616,
                113,
            ),
        ],
        [
            (
                1,
                0,
            ),
            (
                21888242871839275222246405745257275088548364400416034343698204186575808495616,
                114,
            ),
        ],
        [
            (
                1,
                0,
            ),
            (
                21888242871839275222246405745257275088548364400416034343698204186575808495616,
                115,
            ),
        ],
        [
            (
                1,
                0,
            ),
            (
                21888242871839275222246405745257275088548364400416034343698204186575808495616,
                116,
            ),
        ],
        [
            (
                1,
                0,
            ),
            (
                21888242871839275222246405745257275088548364400416034343698204186575808495616,
                117,
            ),
        ],
        [
            (
                1,
                0,
            ),
            (
                21888242871839275222246405745257275088548364400416034343698204186575808495616,
                118,
            ),
        ],
        [
            (
                1,
                0,
            ),
            (
                21888242871839275222246405745257275088548364400416034343698204186575808495616,
                119,
            ),
        ],
        [
            (
                1,
                0,
            ),
            (
                21888242871839275222246405745257275088548364400416034343698204186575808495616,
                120,
            ),
        ],
        [
            (
                1,
                0,
            ),
            (
                21888242871839275222246405745257275088548364400416034343698204186575808495616,
                121,
            ),
        ],
        [
            (
                1,
                0,
            ),
            (
                21888242871839275222246405745257275088548364400416034343698204186575808495616,
                122,
            ),
        ],
        [
            (
                1,
                0,
            ),
            (
                21888242871839275222246405745257275088548364400416034343698204186575808495616,
                123,
            ),
        ],
        [
            (
                1,
                0,
            ),
            (
                21888242871839275222246405745257275088548364400416034343698204186575808495616,
                124,
            ),
        ],
        [
            (
                1,
                0,
            ),
            (
                21888242871839275222246405745257275088548364400416034343698204186575808495616,
                125,
            ),
        ],
        [
            (
                1,
                0,
            ),
            (
                21888242871839275222246405745257275088548364400416034343698204186575808495616,
                126,
            ),
        ],
        [
            (
                1,
                0,
            ),
            (
                21888242871839275222246405745257275088548364400416034343698204186575808495616,
                127,
            ),
        ],
        [
            (
                1,
                0,
            ),
            (
                21888242871839275222246405745257275088548364400416034343698204186575808495616,
                128,
            ),
        ],
        [
            (
                1,
                0,
            ),
            (
                21888242871839275222246405745257275088548364400416034343698204186575808495616,
                129,
            ),
        ],
        [
            (
                1,
                0,
            ),
            (
                21888242871839275222246405745257275088548364400416034343698204186575808495616,
                130,
            ),
        ],
        [
            (
                1,
                0,
            ),
            (
                21888242871839275222246405745257275088548364400416034343698204186575808495616,
                131,
            ),
        ],
        [
            (
                1,
                0,
            ),
            (
                21888242871839275222246405745257275088548364400416034343698204186575808495616,
                132,
            ),
        ],
        [
            (
                21888242871839275222246405745257275088548364400416034343698204186571513528320,
                0,
            ),
            (
                21888242871839275222246405745257275088548364400416034343698204186575808495616,
                94,
            ),
            (
                1,
                97,
            ),
            (
                1,
                100,
            ),
            (
                2,
                101,
            ),
            (
                4,
                102,
            ),
            (
                8,
                103,
            ),
            (
                16,
                104,
            ),
            (
                32,
                105,
            ),
            (
                64,
                106,
            ),
            (
                128,
                107,
            ),
            (
                256,
                108,
            ),
            (
                512,
                109,
            ),
            (
                1024,
                110,
            ),
            (
                2048,
                111,
            ),
            (
                4096,
                112,
            ),
            (
                8192,
                113,
            ),
            (
                16384,
                114,
            ),
            (
                32768,
                115,
            ),
            (
                65536,
                116,
            ),
            (
                131072,
                117,
            ),
            (
                262144,
                118,
            ),
            (
                524288,
                119,
            ),
            (
                1048576,
                120,
            ),
            (
                2097152,
                121,
            ),
            (
                4194304,
                122,
            ),
            (
                8388608,
                123,
            ),
            (
                16777216,
                124,
            ),
            (
                33554432,
                125,
            ),
            (
                67108864,
                126,
            ),
            (
                134217728,
                127,
            ),
            (
                268435456,
                128,
            ),
            (
                536870912,
                129,
            ),
            (
                1073741824,
                130,
            ),
            (
                2147483648,
                131,
            ),
            (
                4294967296,
                132,
            ),
        ],
        [
            (
                1,
                0,
            ),
            (
                21888242871839275222246405745257275088548364400416034343698204186575808495616,
                132,
            ),
        ],
        [
            (
                1,
                83,
            ),
        ],
        [
            (
                1,
                84,
            ),
        ],
        [
            (
                1,
                78,
            ),
        ],
        [
            (
                1,
                93,
            ),
        ],
        [
            (
                1,
                0,
            ),
            (
                21888242871839275222246405745257275088548364400416034343698204186575808495616,
                137,
            ),
        ],
        [
            (
                21888242871839275222246405745257275088548364400416034343698204186575808495616,
                0,
            ),
            (
                21888242871839275222246405745257275088548364400416034343698204186575808495616,
                95,
            ),
            (
                1,
                138,
            ),
        ],
        [
            (
                1,
                137,
            ),
        ],
        [
            (
                1,
                137,
            ),
        ],
        [
            (
                1,
                0,
            ),
            (
                21888242871839275222246405745257275088548364400416034343698204186575808495616,
                144,
            ),
        ],
        [
            (
                1,
                0,
            ),
            (
                21888242871839275222246405745257275088548364400416034343698204186575808495616,
                145,
            ),
        ],
        [
            (
                1,
                0,
            ),
            (
                21888242871839275222246405745257275088548364400416034343698204186575808495616,
                146,
            ),
        ],
        [
            (
                1,
                0,
            ),
            (
                21888242871839275222246405745257275088548364400416034343698204186575808495616,
                147,
            ),
        ],
        [
            (
                1,
                0,
            ),
            (
                21888242871839275222246405745257275088548364400416034343698204186575808495616,
                148,
            ),
        ],
        [
            (
                1,
                0,
            ),
            (
                21888242871839275222246405745257275088548364400416034343698204186575808495616,
                149,
            ),
        ],
        [
            (
                1,
                0,
            ),
            (
                21888242871839275222246405745257275088548364400416034343698204186575808495616,
                150,
            ),
        ],
        [
            (
                1,
                0,
            ),
            (
                21888242871839275222246405745257275088548364400416034343698204186575808495616,
                151,
            ),
        ],
        [
            (
                1,
                0,
            ),
            (
                21888242871839275222246405745257275088548364400416034343698204186575808495616,
                152,
            ),
        ],
        [
            (
                1,
                0,
            ),
            (
                21888242871839275222246405745257275088548364400416034343698204186575808495616,
                153,
            ),
        ],
        [
            (
                1,
                0,
            ),
            (
                21888242871839275222246405745257275088548364400416034343698204186575808495616,
                154,
            ),
        ],
        [
            (
                1,
                0,
            ),
            (
                21888242871839275222246405745257275088548364400416034343698204186575808495616,
                155,
            ),
        ],
        [
            (
                1,
                0,
            ),
            (
                21888242871839275222246405745257275088548364400416034343698204186575808495616,
                156,
            ),
        ],
        [
            (
                1,
                0,
            ),
            (
                21888242871839275222246405745257275088548364400416034343698204186575808495616,
                157,
            ),
        ],
        [
            (
                1,
                0,
            ),
            (
                21888242871839275222246405745257275088548364400416034343698204186575808495616,
                158,
            ),
        ],
        [
            (
                1,
                0,
            ),
            (
                21888242871839275222246405745257275088548364400416034343698204186575808495616,
                159,
            ),
        ],
        [
            (
                1,
                0,
            ),
            (
                21888242871839275222246405745257275088548364400416034343698204186575808495616,
                160,
            ),
        ],
        [
            (
                1,
                0,
            ),
            (
                21888242871839275222246405745257275088548364400416034343698204186575808495616,
                161,
            ),
        ],
        [
            (
                1,
                0,
            ),
            (
                21888242871839275222246405745257275088548364400416034343698204186575808495616,
                162,
            ),
        ],
        [
            (
                1,
                0,
            ),
            (
                21888242871839275222246405745257275088548364400416034343698204186575808495616,
                163,
            ),
        ],
        [
            (
                1,
                0,
            ),
            (
                21888242871839275222246405745257275088548364400416034343698204186575808495616,
                164,
            ),
        ],
        [
            (
                1,
                0,
            ),
            (
                21888242871839275222246405745257275088548364400416034343698204186575808495616,
                165,
            ),
        ],
        [
            (
                1,
                0,
            ),
            (
                21888242871839275222246405745257275088548364400416034343698204186575808495616,
                166,
            ),
        ],
        [
            (
                1,
                0,
            ),
            (
                21888242871839275222246405745257275088548364400416034343698204186575808495616,
                167,
            ),
        ],
        [
            (
                1,
                0,
            ),
            (
                21888242871839275222246405745257275088548364400416034343698204186575808495616,
                168,
            ),
        ],
        [
            (
                1,
                0,
            ),
            (
                21888242871839275222246405745257275088548364400416034343698204186575808495616,
                169,
            ),
        ],
        [
            (
                1,
                0,
            ),
            (
                21888242871839275222246405745257275088548364400416034343698204186575808495616,
                170,
            ),
        ],
        [
            (
                1,
                0,
            ),
            (
                21888242871839275222246405745257275088548364400416034343698204186575808495616,
                171,
            ),
        ],
        [
            (
                1,
                0,
            ),
            (
                21888242871839275222246405745257275088548364400416034343698204186575808495616,
                172,
            ),
        ],
        [
            (
                1,
                0,
            ),
            (
                21888242871839275222246405745257275088548364400416034343698204186575808495616,
                173,
            ),
        ],
        [
            (
                1,
                0,
            ),
            (
                21888242871839275222246405745257275088548364400416034343698204186575808495616,
                174,
            ),
        ],
        [
            (
                1,
                0,
            ),
            (
                21888242871839275222246405745257275088548364400416034343698204186575808495616,
                175,
            ),
        ],
        [
            (
                1,
                0,
            ),
            (
                21888242871839275222246405745257275088548364400416034343698204186575808495616,
                176,
            ),
        ],
        [
            (
                21888242871839275222246405745257275088548364400416034343698204186571513528320,
                0,
            ),
            (
                21888242871839275222246405745257275088548364400416034343698204186575808495616,
                138,
            ),
            (
                1,
                141,
            ),
            (
                1,
                144,
            ),
            (
                2,
                145,
            ),
            (
                4,
                146,
            ),
            (
                8,
                147,
            ),
            (
                16,
                148,
            ),
            (
                32,
                149,
            ),
            (
                64,
                150,
            ),
            (
                128,
                151,
            ),
            (
                256,
                152,
            ),
            (
                512,
                153,
            ),
            (
                1024,
                154,
            ),
            (
                2048,
                155,
            ),
            (
                4096,
                156,
            ),
            (
                8192,
                157,
            ),
            (
                16384,
                158,
            ),
            (
                32768,
                159,
            ),
            (
                65536,
                160,
            ),
            (
                131072,
                161,
            ),
            (
                262144,
                162,
            ),
            (
                524288,
                163,
            ),
            (
                1048576,
                164,
            ),
            (
                2097152,
                165,
            ),
            (
                4194304,
                166,
            ),
            (
                8388608,
                167,
            ),
            (
                16777216,
                168,
            ),
            (
                33554432,
                169,
            ),
            (
                67108864,
                170,
            ),
            (
                134217728,
                171,
            ),
            (
                268435456,
                172,
            ),
            (
                536870912,
                173,
            ),
            (
                1073741824,
                174,
            ),
            (
                2147483648,
                175,
            ),
            (
                4294967296,
                176,
            ),
        ],
        [
            (
                1,
                0,
            ),
            (
                21888242871839275222246405745257275088548364400416034343698204186575808495616,
                176,
            ),
        ],
        [
            (
                1,
                83,
            ),
        ],
        [
            (
                1,
                84,
            ),
        ],
        [
            (
                1,
                136,
            ),
        ],
        [
            (
                1,
                137,
            ),
        ],
        [
            (
                1,
                0,
            ),
            (
                21888242871839275222246405745257275088548364400416034343698204186575808495616,
                186,
            ),
        ],
        [
            (
                1,
                83,
            ),
        ],
        [
            (
                1,
                84,
            ),
        ],
        [
            (
                1,
                80,
            ),
        ],
        [
            (
                1,
                186,
            ),
        ],
        [
            (
                1,
                0,
            ),
            (
                21888242871839275222246405745257275088548364400416034343698204186575808495616,
                196,
            ),
        ],
        [
            (
                1,
                83,
            ),
        ],
        [
            (
                1,
                84,
            ),
        ],
        [
            (
                1,
                77,
            ),
        ],
        [
            (
                1,
                196,
            ),
        ],
        [
            (
                21888242871839275222246405745257275088548364400416034343698204186575808495616,
                182,
            ),
        ],
        [
            (
                21888242871839275222246405745257275088548364400416034343698204186575808495616,
                182,
            ),
        ],
        [
            (
                21888242871839275222246405745257275088548364400416034343698204186575808495616,
                75,
            ),
            (
                1,
                182,
            ),
        ],
        [
            (
                1,
                201,
            ),
        ],
        [
            (
                21888242871839275222246405745257275088548364400416034343698204186575808495616,
                191,
            ),
        ],
        [
            (
                21888242871839275222246405745257275088548364400416034343698204186575808495616,
                182,
            ),
            (
                1,
                192,
            ),
        ],
        [
            (
                1,
                0,
            ),
            (
                21888242871839275222246405745257275088548364400416034343698204186575808495616,
                204,
            ),
        ],
        [
            (
                1,
                200,
            ),
        ],
        [
            (
                1,
                205,
            ),
        ],
        [
            (
                1,
                190,
            ),
        ],
        [
            (
                1,
                206,
            ),
            (
                21888242871839275222246405745257275088548364400416034343698204186575808495616,
                207,
            ),
        ],
        [
            (
                1,
                206,
            ),
            (
                21888242871839275222246405745257275088548364400416034343698204186575808495616,
                207,
            ),
        ],
        [
            (
                1,
                208,
            ),
        ],
        [
            (
                1,
                204,
            ),
        ],
        [
            (
                1,
                204,
            ),
        ],
        [
            (
                1,
                204,
            ),
        ],
        [
            (
                1,
                204,
            ),
        ],
        [
            (
                21888242871839275222246405745257275088548364400416034343698204186575808495616,
                2,
            ),
            (
                1,
                191,
            ),
        ],
        [
            (
                21888242871839275222246405745257275088548364400416034343698204186575808495616,
                4,
            ),
            (
                1,
                192,
            ),
        ],
        [
            (
                21888242871839275222246405745257275088548364400416034343698204186575808495616,
                6,
            ),
            (
                1,
                195,
            ),
        ],
        [
            (
                21888242871839275222246405745257275088548364400416034343698204186575808495616,
                8,
            ),
            (
                1,
                193,
            ),
        ],
        [
            (
                21888242871839275222246405745257275088548364400416034343698204186575808495616,
                10,
            ),
            (
                1,
                194,
            ),
        ],
        [
            (
                21888242871839275222246405745257275088548364400416034343698204186575808495616,
                12,
            ),
            (
                1,
                97,
            ),
        ],
        [
            (
                21888242871839275222246405745257275088548364400416034343698204186575808495616,
                14,
            ),
            (
                1,
                96,
            ),
        ],
        [
            (
                1,
                0,
            ),
            (
                21888242871839275222246405745257275088548364400416034343698204186575808495616,
                16,
            ),
        ],
        [
            (
                21888242871839275222246405745257275088548364400416034343698204186575808495616,
                18,
            ),
            (
                1,
                98,
            ),
        ],
        [
            (
                21888242871839275222246405745257275088548364400416034343698204186575808495616,
                20,
            ),
            (
                1,
                99,
            ),
        ],
        [
            (
                21888242871839275222246405745257275088548364400416034343698204186575808495616,
                22,
            ),
            (
                1,
                141,
            ),
        ],
        [
            (
                21888242871839275222246405745257275088548364400416034343698204186575808495616,
                24,
            ),
            (
                1,
                140,
            ),
        ],
        [
            (
                1,
                0,
            ),
            (
                21888242871839275222246405745257275088548364400416034343698204186575808495616,
                26,
            ),
        ],
        [
            (
                21888242871839275222246405745257275088548364400416034343698204186575808495616,
                28,
            ),
            (
                1,
                142,
            ),
        ],
        [
            (
                21888242871839275222246405745257275088548364400416034343698204186575808495616,
                30,
            ),
            (
                1,
                143,
            ),
        ],
        [
            (
                21888242871839275222246405745257275088548364400416034343698204186575808495616,
                32,
            ),
            (
                1,
                89,
            ),
        ],
        [
            (
                21888242871839275222246405745257275088548364400416034343698204186575808495616,
                34,
            ),
            (
                1,
                86,
            ),
        ],
        [
            (
                1,
                0,
            ),
            (
                21888242871839275222246405745257275088548364400416034343698204186575808495616,
                36,
            ),
        ],
        [
            (
                21888242871839275222246405745257275088548364400416034343698204186575808495616,
                38,
            ),
            (
                1,
                87,
            ),
        ],
        [
            (
                21888242871839275222246405745257275088548364400416034343698204186575808495616,
                40,
            ),
            (
                1,
                88,
            ),
        ],
        [
            (
                21888242871839275222246405745257275088548364400416034343698204186575808495616,
                42,
            ),
            (
                1,
                181,
            ),
        ],
        [
            (
                21888242871839275222246405745257275088548364400416034343698204186575808495616,
                44,
            ),
            (
                1,
                182,
            ),
        ],
        [
            (
                21888242871839275222246405745257275088548364400416034343698204186575808495616,
                46,
            ),
            (
                1,
                185,
            ),
        ],
        [
            (
                21888242871839275222246405745257275088548364400416034343698204186575808495616,
                48,
            ),
            (
                1,
                183,
            ),
        ],
        [
            (
                21888242871839275222246405745257275088548364400416034343698204186575808495616,
                50,
            ),
            (
                1,
                184,
            ),
        ],
        [
            (
                1,
                51,
            ),
            (
                21888242871839275222246405745257275088548364400416034343698204186575808495616,
                82,
            ),
        ],
        [
            (
                1,
                52,
            ),
            (
                21888242871839275222246405745257275088548364400416034343698204186575808495616,
                82,
            ),
        ],
        [
            (
                1,
                53,
            ),
            (
                21888242871839275222246405745257275088548364400416034343698204186575808495616,
                83,
            ),
        ],
        [
            (
                1,
                54,
            ),
            (
                21888242871839275222246405745257275088548364400416034343698204186575808495616,
                83,
            ),
        ],
        [
            (
                1,
                55,
            ),
            (
                21888242871839275222246405745257275088548364400416034343698204186575808495616,
                85,
            ),
        ],
        [
            (
                1,
                56,
            ),
            (
                21888242871839275222246405745257275088548364400416034343698204186575808495616,
                85,
            ),
        ],
        [
            (
                1,
                0,
            ),
            (
                21888242871839275222246405745257275088548364400416034343698204186575808495616,
                57,
            ),
        ],
        [
            (
                1,
                0,
            ),
            (
                21888242871839275222246405745257275088548364400416034343698204186575808495616,
                58,
            ),
        ],
        [
            (
                21888242871839275222246405745257275088548364400416034343698204186575808495616,
                58,
            ),
            (
                1,
                204,
            ),
        ],
        [
            (
                1,
                59,
            ),
            (
                21888242871839275222246405745257275088548364400416034343698204186575808495616,
                77,
            ),
        ],
        [
            (
                1,
                60,
            ),
            (
                21888242871839275222246405745257275088548364400416034343698204186575808495616,
                210,
            ),
        ],
        [
            (
                1,
                61,
            ),
            (
                21888242871839275222246405745257275088548364400416034343698204186575808495616,
                78,
            ),
        ],
        [
            (
                1,
                62,
            ),
            (
                21888242871839275222246405745257275088548364400416034343698204186575808495616,
                211,
            ),
        ],
        [
            (
                1,
                63,
            ),
            (
                21888242871839275222246405745257275088548364400416034343698204186575808495616,
                79,
            ),
        ],
        [
            (
                1,
                64,
            ),
            (
                21888242871839275222246405745257275088548364400416034343698204186575808495616,
                212,
            ),
        ],
        [
            (
                1,
                65,
            ),
            (
                21888242871839275222246405745257275088548364400416034343698204186575808495616,
                80,
            ),
        ],
        [
            (
                1,
                66,
            ),
            (
                21888242871839275222246405745257275088548364400416034343698204186575808495616,
                213,
            ),
        ],
        [
            (
                1,
                67,
            ),
            (
                21888242871839275222246405745257275088548364400416034343698204186575808495616,
                75,
            ),
        ],
        [
            (
                1,
                68,
            ),
            (
                21888242871839275222246405745257275088548364400416034343698204186575808495616,
                203,
            ),
        ],
        [
            (
                1,
                69,
            ),
            (
                21888242871839275222246405745257275088548364400416034343698204186575808495616,
                76,
            ),
        ],
        [
            (
                1,
                70,
            ),
            (
                21888242871839275222246405745257275088548364400416034343698204186575808495616,
                76,
            ),
        ],
        [
            (
                1,
                71,
            ),
            (
                21888242871839275222246405745257275088548364400416034343698204186575808495616,
                81,
            ),
        ],
        [
            (
                1,
                72,
            ),
            (
                21888242871839275222246405745257275088548364400416034343698204186575808495616,
                139,
            ),
        ],
        [
            (
                1,
                73,
            ),
            (
                21888242871839275222246405745257275088548364400416034343698204186575808495616,
                86,
            ),
        ],
        [
            (
                1,
                74,
            ),
            (
                21888242871839275222246405745257275088548364400416034343698204186575808495616,
                140,
            ),
        ],
    ],
    [
        [
            (
                1,
                83,
            ),
        ],
        [
            (
                1,
                0,
            ),
        ],
        [
            (
                1,
                87,
            ),
        ],
        [
            (
                1,
                88,
            ),
        ],
        [
            (
                21888242871839275222246405745257275088548364400416034343698204186575808495616,
                0,
            ),
            (
                1,
                82,
            ),
            (
                21888242871839275222246405745257275088548364400416034343698204186558628626433,
                86,
            ),
            (
                21888242871839275222246405745257275088548364400416034343698204186575808495601,
                89,
            ),
            (
                21888242871839275222246405745257275088548364400416034343698204186575808495616,
                90,
            ),
            (
                21888242871839275222246405745257275088548364400416034343698204186575808495616,
                91,
            ),
        ],
        [
            (
                1,
                93,
            ),
        ],
        [
            (
                1,
                93,
            ),
        ],
        [
            (
                21888242871839275222246405745257275088548364400416034343698204186575808495616,
                89,
            ),
            (
                1,
                94,
            ),
        ],
        [
            (
                21888242871839275222246405745257275088548364400416034343698204186575808495616,
                0,
            ),
        ],
        [
            (
                1,
                100,
            ),
        ],
        [
            (
                1,
                101,
            ),
        ],
        [
            (
                1,
                102,
            ),
        ],
        [
            (
                1,
                103,
            ),
        ],
        [
            (
                1,
                104,
            ),
        ],
        [
            (
                1,
                105,
            ),
        ],
        [
            (
                1,
                106,
            ),
        ],
        [
            (
                1,
                107,
            ),
        ],
        [
            (
                1,
                108,
            ),
        ],
        [
            (
                1,
                109,
            ),
        ],
        [
            (
                1,
                110,
            ),
        ],
        [
            (
                1,
                111,
            ),
        ],
        [
            (
                1,
                112,
            ),
        ],
        [
            (
                1,
                113,
            ),
        ],
        [
            (
                1,
                114,
            ),
        ],
        [
            (
                1,
                115,
            ),
        ],
        [
            (
                1,
                116,
            ),
        ],
        [
            (
                1,
                117,
            ),
        ],
        [
            (
                1,
                118,
            ),
        ],
        [
            (
                1,
                119,
            ),
        ],
        [
            (
                1,
                120,
            ),
        ],
        [
            (
                1,
                121,
            ),
        ],
        [
            (
                1,
                122,
            ),
        ],
        [
            (
                1,
                123,
            ),
        ],
        [
            (
                1,
                124,
            ),
        ],
        [
            (
                1,
                125,
            ),
        ],
        [
            (
                1,
                126,
            ),
        ],
        [
            (
                1,
                127,
            ),
        ],
        [
            (
                1,
                128,
            ),
        ],
        [
            (
                1,
                129,
            ),
        ],
        [
            (
                1,
                130,
            ),
        ],
        [
            (
                1,
                131,
            ),
        ],
        [
            (
                1,
                132,
            ),
        ],
        [
            (
                1,
                0,
            ),
        ],
        [
            (
                1,
                93,
            ),
        ],
        [
            (
                1,
                98,
            ),
        ],
        [
            (
                1,
                99,
            ),
        ],
        [
            (
                21888242871839275222246405745257275088548364400416034343698204186575808495616,
                0,
            ),
            (
                1,
                82,
            ),
            (
                21888242871839275222246405745257275088548364400416034343698204186558628626433,
                96,
            ),
            (
                21888242871839275222246405745257275088548364400416034343698204186575808495601,
                97,
            ),
            (
                21888242871839275222246405745257275088548364400416034343698204186575808495616,
                133,
            ),
            (
                21888242871839275222246405745257275088548364400416034343698204186575808495616,
                134,
            ),
        ],
        [
            (
                21888242871839275222246405745257275088548364400416034343698204186575808495616,
                78,
            ),
            (
                1,
                135,
            ),
        ],
        [
            (
                1,
                137,
            ),
        ],
        [
            (
                1,
                137,
            ),
        ],
        [
            (
                21888242871839275222246405745257275088548364400416034343698204186575808495616,
                95,
            ),
            (
                1,
                138,
            ),
        ],
        [
            (
                21888242871839275222246405745257275088548364400416034343698204186575808495616,
                0,
            ),
        ],
        [
            (
                1,
                144,
            ),
        ],
        [
            (
                1,
                145,
            ),
        ],
        [
            (
                1,
                146,
            ),
        ],
        [
            (
                1,
                147,
            ),
        ],
        [
            (
                1,
                148,
            ),
        ],
        [
            (
                1,
                149,
            ),
        ],
        [
            (
                1,
                150,
            ),
        ],
        [
            (
                1,
                151,
            ),
        ],
        [
            (
                1,
                152,
            ),
        ],
        [
            (
                1,
                153,
            ),
        ],
        [
            (
                1,
                154,
            ),
        ],
        [
            (
                1,
                155,
            ),
        ],
        [
            (
                1,
                156,
            ),
        ],
        [
            (
                1,
                157,
            ),
        ],
        [
            (
                1,
                158,
            ),
        ],
        [
            (
                1,
                159,
            ),
        ],
        [
            (
                1,
                160,
            ),
        ],
        [
            (
                1,
                161,
            ),
        ],
        [
            (
                1,
                162,
            ),
        ],
        [
            (
                1,
                163,
            ),
        ],
        [
            (
                1,
                164,
            ),
        ],
        [
            (
                1,
                165,
            ),
        ],
        [
            (
                1,
                166,
            ),
        ],
        [
            (
                1,
                167,
            ),
        ],
        [
            (
                1,
                168,
            ),
        ],
        [
            (
                1,
                169,
            ),
        ],
        [
            (
                1,
                170,
            ),
        ],
        [
            (
                1,
                171,
            ),
        ],
        [
            (
                1,
                172,
            ),
        ],
        [
            (
                1,
                173,
            ),
        ],
        [
            (
                1,
                174,
            ),
        ],
        [
            (
                1,
                175,
            ),
        ],
        [
            (
                1,
                176,
            ),
        ],
        [
            (
                1,
                0,
            ),
        ],
        [
            (
                1,
                137,
            ),
        ],
        [
            (
                1,
                142,
            ),
        ],
        [
            (
                1,
                143,
            ),
        ],
        [
            (
                21888242871839275222246405745257275088548364400416034343698204186575808495616,
                0,
            ),
            (
                1,
                82,
            ),
            (
                21888242871839275222246405745257275088548364400416034343698204186558628626433,
                140,
            ),
            (
                21888242871839275222246405745257275088548364400416034343698204186575808495601,
                141,
            ),
            (
                21888242871839275222246405745257275088548364400416034343698204186575808495616,
                177,
            ),
            (
                21888242871839275222246405745257275088548364400416034343698204186575808495616,
                178,
            ),
        ],
        [
            (
                21888242871839275222246405745257275088548364400416034343698204186575808495616,
                136,
            ),
            (
                1,
                179,
            ),
        ],
        [
            (
                1,
                186,
            ),
        ],
        [
            (
                1,
                183,
            ),
        ],
        [
            (
                1,
                184,
            ),
        ],
        [
            (
                1,
                82,
            ),
            (
                21888242871839275222246405745257275088548364400416034343698204186575808495601,
                181,
            ),
            (
                21888242871839275222246405745257275088548364400416034343698204186558628626433,
                182,
            ),
            (
                21888242871839275222246405745257275088548364400416034343698204186575808495616,
                185,
            ),
            (
                21888242871839275222246405745257275088548364400416034343698204186575808495616,
                187,
            ),
            (
                21888242871839275222246405745257275088548364400416034343698204186575808495616,
                188,
            ),
        ],
        [
            (
                21888242871839275222246405745257275088548364400416034343698204186575808495616,
                80,
            ),
            (
                1,
                189,
            ),
        ],
        [
            (
                1,
                196,
            ),
        ],
        [
            (
                1,
                193,
            ),
        ],
        [
            (
                1,
                194,
            ),
        ],
        [
            (
                1,
                82,
            ),
            (
                21888242871839275222246405745257275088548364400416034343698204186575808495601,
                191,
            ),
            (
                21888242871839275222246405745257275088548364400416034343698204186558628626433,
                192,
            ),
            (
                21888242871839275222246405745257275088548364400416034343698204186575808495616,
                195,
            ),
            (
                21888242871839275222246405745257275088548364400416034343698204186575808495616,
                197,
            ),
            (
                21888242871839275222246405745257275088548364400416034343698204186575808495616,
                198,
            ),
        ],
        [
            (
                21888242871839275222246405745257275088548364400416034343698204186575808495616,
                77,
            ),
            (
                1,
                199,
            ),
        ],
        [
            (
                1,
                202,
            ),
        ],
        [
            (
                1,
                0,
            ),
            (
                21888242871839275222246405745257275088548364400416034343698204186575808495616,
                201,
            ),
        ],
        [
            (
                1,
                201,
            ),
        ],
        [
            (
                1,
                0,
            ),
        ],
        [
            (
                1,
                0,
            ),
        ],
        [
            (
                1,
                0,
            ),
        ],
        [
            (
                1,
                204,
            ),
        ],
        [
            (
                1,
                92,
            ),
        ],
        [
            (
                1,
                85,
            ),
        ],
        [
            (
                1,
                180,
            ),
        ],
        [
            (
                1,
                209,
            ),
        ],
        [
            (
                1,
                0,
            ),
            (
                21888242871839275222246405745257275088548364400416034343698204186575808495616,
                208,
            ),
        ],
        [
            (
                1,
                204,
            ),
        ],
        [
            (
                21888242871839275222246405745257275088548364400416034343698204186575808495616,
                200,
            ),
        ],
        [
            (
                21888242871839275222246405745257275088548364400416034343698204186575808495616,
                180,
            ),
        ],
        [
            (
                21888242871839275222246405745257275088548364400416034343698204186575808495616,
                92,
            ),
        ],
        [
            (
                21888242871839275222246405745257275088548364400416034343698204186575808495616,
                190,
            ),
        ],
        [
            (
                1,
                0,
            ),
        ],
        [
            (
                1,
                0,
            ),
        ],
        [
            (
                1,
                0,
            ),
        ],
        [
            (
                1,
                0,
            ),
        ],
        [
            (
                1,
                0,
            ),
        ],
        [
            (
                1,
                0,
            ),
        ],
        [
            (
                1,
                0,
            ),
        ],
        [
            (
                1,
                0,
            ),
        ],
        [
            (
                1,
                0,
            ),
        ],
        [
            (
                1,
                0,
            ),
        ],
        [
            (
                1,
                0,
            ),
        ],
        [
            (
                1,
                0,
            ),
        ],
        [
            (
                1,
                0,
            ),
        ],
        [
            (
                1,
                0,
            ),
        ],
        [
            (
                1,
                0,
            ),
        ],
        [
            (
                1,
                0,
            ),
        ],
        [
            (
                1,
                0,
            ),
        ],
        [
            (
                1,
                0,
            ),
        ],
        [
            (
                1,
                0,
            ),
        ],
        [
            (
                1,
                0,
            ),
        ],
        [
            (
                1,
                0,
            ),
        ],
        [
            (
                1,
                0,
            ),
        ],
        [
            (
                1,
                0,
            ),
        ],
        [
            (
                1,
                0,
            ),
        ],
        [
            (
                1,
                0,
            ),
        ],
        [
            (
                1,
                0,
            ),
        ],
        [
            (
                1,
                0,
            ),
        ],
        [
            (
                1,
                0,
            ),
        ],
        [
            (
                1,
                0,
            ),
        ],
        [
            (
                1,
                0,
            ),
        ],
        [
            (
                1,
                0,
            ),
        ],
        [
            (
                1,
                57,
            ),
        ],
        [
            (
                1,
                58,
            ),
        ],
        [
            (
                1,
                0,
            ),
        ],
        [
            (
                1,
                0,
            ),
        ],
        [
            (
                1,
                0,
            ),
        ],
        [
            (
                1,
                0,
            ),
        ],
        [
            (
                1,
                0,
            ),
        ],
        [
            (
                1,
                0,
            ),
        ],
        [
            (
                1,
                0,
            ),
        ],
        [
            (
                1,
                0,
            ),
        ],
        [
            (
                1,
                0,
            ),
        ],
        [
            (
                1,
                0,
            ),
        ],
        [
            (
                1,
                0,
            ),
        ],
        [
            (
                1,
                0,
            ),
        ],
        [
            (
                1,
                0,
            ),
        ],
        [
            (
                1,
                0,
            ),
        ],
        [
            (
                1,
                0,
            ),
        ],
        [
            (
                1,
                0,
            ),
        ],
        [
            (
                1,
                0,
            ),
        ],
    ],
    [
        [
            (
                1,
                84,
            ),
        ],
        [],
        [
            (
                1,
                90,
            ),
        ],
        [
            (
                1,
                91,
            ),
        ],
        [
            (
                1,
                92,
            ),
        ],
        [],
        [],
        [
            (
                21888242871839275222246405745257275088548364400416034343698204186575808495616,
                89,
            ),
            (
                1,
                95,
            ),
        ],
        [
            (
                21888242871839275222246405745257275088548364400416034343698204186575808495616,
                0,
            ),
            (
                21888242871839275222246405745257275088548364400416034343698204186575808495616,
                86,
            ),
            (
                1,
                96,
            ),
        ],
        [],
        [],
        [],
        [],
        [],
        [],
        [],
        [],
        [],
        [],
        [],
        [],
        [],
        [],
        [],
        [],
        [],
        [],
        [],
        [],
        [],
        [],
        [],
        [],
        [],
        [],
        [],
        [],
        [],
        [],
        [],
        [],
        [],
        [],
        [],
        [
            (
                1,
                133,
            ),
        ],
        [
            (
                1,
                134,
            ),
        ],
        [
            (
                1,
                135,
            ),
        ],
        [
            (
                21888242871839275222246405745257275088548364400416034343698204186575808495616,
                78,
            ),
            (
                1,
                136,
            ),
        ],
        [],
        [],
        [
            (
                21888242871839275222246405745257275088548364400416034343698204186575808495616,
                95,
            ),
            (
                1,
                139,
            ),
        ],
        [
            (
                21888242871839275222246405745257275088548364400416034343698204186575808495616,
                96,
            ),
            (
                1,
                140,
            ),
        ],
        [],
        [],
        [],
        [],
        [],
        [],
        [],
        [],
        [],
        [],
        [],
        [],
        [],
        [],
        [],
        [],
        [],
        [],
        [],
        [],
        [],
        [],
        [],
        [],
        [],
        [],
        [],
        [],
        [],
        [],
        [],
        [],
        [],
        [],
        [],
        [
            (
                1,
                177,
            ),
        ],
        [
            (
                1,
                178,
            ),
        ],
        [
            (
                1,
                179,
            ),
        ],
        [
            (
                21888242871839275222246405745257275088548364400416034343698204186575808495616,
                136,
            ),
            (
                1,
                180,
            ),
        ],
        [],
        [
            (
                1,
                187,
            ),
        ],
        [
            (
                1,
                188,
            ),
        ],
        [
            (
                1,
                189,
            ),
        ],
        [
            (
                21888242871839275222246405745257275088548364400416034343698204186575808495616,
                80,
            ),
            (
                1,
                190,
            ),
        ],
        [],
        [
            (
                1,
                197,
            ),
        ],
        [
            (
                1,
                198,
            ),
        ],
        [
            (
                1,
                199,
            ),
        ],
        [
            (
                21888242871839275222246405745257275088548364400416034343698204186575808495616,
                77,
            ),
            (
                1,
                200,
            ),
        ],
        [
            (
                1,
                201,
            ),
        ],
        [],
        [],
        [
            (
                21888242871839275222246405745257275088548364400416034343698204186575808495616,
                75,
            ),
            (
                1,
                203,
            ),
        ],
        [],
        [],
        [],
        [
            (
                1,
                205,
            ),
        ],
        [
            (
                1,
                206,
            ),
        ],
        [
            (
                1,
                207,
            ),
        ],
        [
            (
                1,
                208,
            ),
        ],
        [],
        [],
        [
            (
                21888242871839275222246405745257275088548364400416034343698204186575808495616,
                200,
            ),
            (
                1,
                210,
            ),
        ],
        [
            (
                21888242871839275222246405745257275088548364400416034343698204186575808495616,
                180,
            ),
            (
                1,
                211,
            ),
        ],
        [
            (
                21888242871839275222246405745257275088548364400416034343698204186575808495616,
                92,
            ),
            (
                1,
                212,
            ),
        ],
        [
            (
                21888242871839275222246405745257275088548364400416034343698204186575808495616,
                190,
            ),
            (
                1,
                213,
            ),
        ],
        [],
        [],
        [],
        [],
        [],
        [],
        [],
        [],
        [],
        [],
        [],
        [],
        [],
        [],
        [],
        [],
        [],
        [],
        [],
        [],
        [],
        [],
        [],
        [],
        [],
        [],
        [],
        [],
        [],
        [],
        [],
        [],
        [],
        [],
        [],
        [],
        [],
        [],
        [],
        [],
        [],
        [],
        [],
        [],
        [],
        [],
        [],
        [],
        [],
        [],
    ],
]
    
